102715
103414
110613
114621
115219
118730
120212
121618
123420
129028
130013
131722
133625
136631
141119
143426
144933
145632
146836
148133
148840
150928
151223
153429
158540
160931
169141
171633
172635
173132
176037
191336
193441
194746
195849
196851
199150
199352
204218
204319
206929
207628
209127
209228
210112
211417
214524
214726
274542
300719
341834
342129
346945
352132
352738
381038
387959
397154
397760
429040
441939
461743
500222
506234
516742
517239
525541
531536
545345
555954
561242
561949
583858
592455
598568
613538
633847
635245
647858
650746
677766
690152
728454
737960
744553
759869
763557
766563
886674
896879
901038
910443
955465
962058
983773
100408
101410
102513
102614
103111
105115
105216
106824
113215
119025
119126
120414
127832
141422
142828
144428
146432
150726
151021
151829
153732
154431
155635
159138
159744
159946
161630
165638
167440
168341
172029
173233
175338
178142
179548
186040
187143
189349
191235
194443
196346
198653
199958
200210
200513
202113
205826
207123
207426
208630
210415
223929
238033
251833
285446
299760
330324
361941
379657
394956
433839
436239
448347
467351
486759
513736
559457
568963
573249
580044
584355
601127
616645
620434
656253
668361
685058
723141
734045
751550
765864
789373
793465
828862
841349
865363
871762
871964
908860
927359
932554
953764
965367
971160
990366